init	chloros_removed	mitos_removed	pruned			
AP16-1-T0-C	140073	63495	63495	63304		
AP16-10-T1-C	121608	1664	1664	1632		
AP16-11-T2-C	115611	14369	14369	13986		
AP16-12-T2-C	114584	18039	18039	17845		
AP16-13-T2-C	39472	2650	2650	2461		
AP16-14-T2-C	135661	2812	2812	2600		
AP16-15-T2-C	107492	9057	9040	8564		
AP16-16-T3-C	238832	109687	109670	108966		
AP16-17-T3-C	181613	26963	26936	26697		
AP16-18-T3-C	207811	53299	53085	52880		
AP16-19-T3-C	107053	42557	42535	42361		
AP16-2-T0-C	31271	1134	1134	1134		
AP16-20-T3-C	219797	14960	14953	14926		
AP16-21-T4-C	242394	49239	49239	48913		
AP16-22-T4-C	398831	23206	23203	23031		
AP16-23-T4-C	145518	14213	14203	13797		
AP16-24-T4-C	306384	19875	19840	19490		
AP16-25-T4-C	191457	74580	74496	73440		
AP16-26-T0-L	43804	4670	4670	4445		
AP16-27-T0-L	19088	6151	6151	5958		
AP16-28-T0-L	122994	7305	7305	7249		
AP16-29-T0-L	111702	5723	5723	5677		
AP16-3-T0-C	162138	9251	9251	8662		
AP16-30-T0-L	140527	12487	12487	12214		
AP16-31-T1-L	137536	12240	12240	12155		
AP16-32-T1-L	139486	9877	9858	9808		
AP16-33-T1-L	153997	37713	37713	37431		
AP16-34-T1-L	137726	8504	8504	8237		
AP16-35-T1-L	123240	25593	25551	25165		
AP16-36-T2-L	119413	8749	8749	8366		
AP16-37-T2-L	124810	50265	50260	50132		
AP16-38-T2-L	105765	13453	13453	13156		
AP16-39-T2-L	117849	5312	5309	5122		
AP16-4-T0-C	161246	92080	92075	92015		
AP16-40-T2-L	96169	3503	3503	3345		
AP16-41-T3-L	301708	32028	32028	31993		
AP16-42-T3-L	184065	16618	16614	16400		
AP16-43-T3-L	137566	26797	26797	26630		
AP16-44-T3-L	303017	42082	41945	41860		
AP16-45-T3-L	170329	59248	59164	58746		
AP16-46-T4-L	250521	23185	23135	23100		
AP16-47-T4-L	275509	57020	56933	56415		
AP16-48-T4-L	256015	54118	53963	53143		
AP16-49-T4-L	257366	10231	10231	9899		
AP16-5-T0-C	85559	13035	12935	12876		
AP16-50-T4-L	128742	15414	15414	15165		
AP16-6-T1-C	64929	43648	43633	43210		
AP16-7-T1-C	89844	6893	6860	6724		
AP16-8-T1-C	77213	31242	31242	31192		
AP16-9-T1-C	6687	4166	4166	4154		
AP20-1-T0-C	146225	2204	2204	2179		
AP20-10-T1-C	110653	4023	4023	3902		
AP20-11-T2-C	36850	715	715	652		
AP20-12-T2-C	150119	3486	3476	3373		
AP20-13-T2-C	112460	2747	2747	2506		
AP20-14-T2-C	141617	3148	3148	2952		
AP20-15-T2-C	121076	4708	4708	4563		
AP20-16-T3-C	312054	13899	13899	13789		
AP20-17-T3-C	172162	11985	11985	11513		
AP20-18-T3-C	241114	19619	19619	19442		
AP20-19-T3-C	360116	14725	14660	14537		
AP20-2-T0-C	110646	4098	4098	4006		
AP20-20-T3-C	240997	54345	54323	53939		
AP20-21-T4-C	339287	6077	6077	5972		
AP20-22-T4-C	184306	6636	6636	6264		
AP20-23-T4-C	296114	54728	54494	53926		
AP20-24-T4-C	341864	33126	33126	32850		
AP20-25-T4-C	182469	66966	66951	65948		
AP20-26-T0-L	145984	2758	2758	2705		
AP20-27-T0-L	143638	9264	9264	9118		
AP20-28-T0-L	71764	4558	4558	4544		
AP20-29-T0-L	131855	4441	4441	4409		
AP20-3-T0-C	157196	2304	2304	2236		
AP20-30-T0-L	173030	1440	1440	1263		
AP20-31-T1-L	131465	5408	5408	5318		
AP20-32-T1-L	114158	7018	7018	7005		
AP20-33-T1-L	90804	2914	2914	2832		
AP20-34-T1-L	162938	6205	6205	6113		
AP20-35-T1-L	70155	17200	17169	16949		
AP20-36-T2-L	25029	596	596	561		
AP20-37-T2-L	332995	10307	10307	10178		
AP20-38-T2-L	75054	17414	17414	17317		
AP20-39-T2-L	355076	7589	7589	7506		
AP20-4-T0-C	160046	5022	5012	4914		
AP20-40-T2-L	253508	7147	7137	7074		
AP20-41-T3-L	244013	17832	17832	17692		
AP20-42-T3-L	251285	6473	6473	6327		
AP20-43-T3-L	146401	14912	14912	14872		
AP20-44-T3-L	110535	3334	3334	3247		
AP20-45-T3-L	21632	2421	2421	2421		
AP20-46-T4-L	179038	4874	4874	4748		
AP20-47-T4-L	267937	83393	83381	83219		
AP20-48-T4-L	392254	6777	6777	6750		
AP20-49-T4-L	191040	31730	31730	31516		
AP20-5-T0-C	159882	6153	6153	6085		
AP20-50-T4-L	340557	9104	9104	9081		
AP20-6-T1-C	139016	3363	3363	3234		
AP20-7-T1-C	172812	4913	4913	4834		
AP20-8-T1-C	111257	3291	3291	3276		
AP20-9-T1-C	120088	3030	3030	2920		
OF3-1-T0-C	120460	97722	97722	97520		
OF3-10-T1-C	63827	55545	55471	54891		
OF3-11-T2-C	155900	116464	116383	113508		
OF3-12-T2-C	202304	197509	197509	197482		
OF3-13-T2-C	152039	133559	133161	132274		
OF3-14-T2-C	164601	128261	128129	126619		
OF3-15-T2-C	281962	271963	271773	271127		
OF3-16-T3-C	254180	217755	217755	217657		
OF3-17-T3-C	197674	152055	151375	150154		
OF3-18-T3-C	248631	215506	215470	214590		
OF3-19-T3-C	183450	162110	162074	161393		
OF3-2-T0-C	109175	78671	78646	78081		
OF3-20-T3-C	162893	97754	97730	95969		
OF3-21-T4-C	244787	238828	238828	238235		
OF3-22-T4-C	296926	268894	268888	268562		
OF3-23-T4-C	251848	177897	177755	177107		
OF3-24-T4-C	318274	290558	290558	289982		
OF3-25-T4-C	173410	152272	152126	151763		
OF3-26-T0-L	74151	61795	61670	59977		
OF3-27-T0-L	128499	83243	83104	81941		
OF3-28-T0-L	63430	60912	60912	60838		
OF3-29-T0-L	119505	111895	111895	111777		
OF3-3-T0-C	112347	95595	95561	95116		
OF3-30-T0-L	168798	166097	166081	165925		
OF3-31-T1-L	96676	63656	63641	63313		
OF3-32-T1-L	70192	69828	69828	69665		
OF3-33-T1-L	57912	46453	46450	46016		
OF3-34-T1-L	64360	52254	52237	50845		
OF3-35-T1-L	89148	80386	80386	80204		
OF3-36-T2-L	187755	134313	133470	131883		
OF3-37-T2-L	208949	103659	103657	103082		
OF3-38-T2-L	185740	118880	118502	116814		
OF3-39-T2-L	241186	170653	170653	170530		
OF3-4-T0-C	145289	138462	138336	137677		
OF3-40-T2-L	165138	152746	152746	151784		
OF3-41-T3-L	196258	125161	124569	122094		
OF3-42-T3-L	277336	238911	238911	238761		
OF3-43-T3-L	292838	282611	282611	281786		
OF3-44-T3-L	254221	209203	209203	208866		
OF3-45-T3-L	176369	114648	114648	114432		
OF3-46-T4-L	172792	105932	105862	103428		
OF3-47-T4-L	77729	65641	65641	65499		
OF3-48-T4-L	194981	125665	125491	122909		
OF3-49-T4-L	183785	172519	172160	171080		
OF3-5-T0-C	104509	71709	71707	71398		
OF3-50-T4-L	195810	154757	154636	154198		
OF3-6-T1-C	164190	163770	163770	163634		
OF3-7-T1-C	141246	141219	141219	140922		
OF3-8-T1-C	119690	108757	108732	108615		
OF3-9-T1-C	93155	92575	92575	92470		
OF61-1-T0-C	83066	82761	82761	82668		
OF61-10-T1-C	70436	69362	69362	69299		
OF61-11-T2-C	193877	161556	161498	161230		
OF61-12-T2-C	269891	267394	267394	267277		
OF61-13-T2-C	194359	191153	191153	190599		
OF61-14-T2-C	162986	121799	121632	116839		
OF61-15-T2-C	164850	104223	104107	100539		
OF61-16-T3-C	340336	335740	335740	335591		
OF61-17-T3-C	187653	178885	178757	177684		
OF61-18-T3-C	344714	335522	335517	335162		
OF61-19-T3-C	260817	248475	248475	248294		
OF61-2-T0-C	147088	145995	145995	145910		
OF61-20-T3-C	355693	295330	295330	295048		
OF61-21-T4-C	272613	238236	238222	237815		
OF61-22-T4-C	159890	157599	157583	157273		
OF61-23-T4-C	130620	51359	51359	51180		
OF61-24-T4-C	274123	238280	238280	238067		
OF61-25-T4-C	340949	299488	299472	299099		
OF61-26-T0-L	62006	49491	49478	49211		
OF61-27-T0-L	121868	119349	119342	119206		
OF61-28-T0-L	129372	126557	126557	126454		
OF61-29-T0-L	102228	85749	85695	85193		
OF61-3-T0-C	128923	95141	94908	94329		
OF61-30-T0-L	108618	107145	107145	106960		
OF61-31-T1-L	46447	45134	45134	45020		
OF61-32-T1-L	113159	110126	110126	110043		
OF61-33-T1-L	95085	87424	87322	86943		
OF61-34-T1-L	69464	66555	66555	66114		
OF61-35-T1-L	108717	101555	101555	101308		
OF61-36-T2-L	198698	187885	187862	187411		
OF61-37-T2-L	167461	148296	148193	147787		
OF61-38-T2-L	210930	206610	206605	205159		
OF61-39-T2-L	145835	115131	115101	114265		
OF61-4-T0-C	112544	104343	104295	103785		
OF61-40-T2-L	119430	110097	109979	109001		
OF61-41-T3-L	153201	119186	119186	119005		
OF61-42-T3-L	367569	362779	362779	362651		
OF61-43-T3-L	225230	215941	215938	215591		
OF61-44-T3-L	239970	216369	216369	215662		
OF61-45-T3-L	282637	243284	243284	242928		
OF61-46-T4-L	171916	145858	145743	144982		
OF61-47-T4-L	137776	89470	89297	87240		
OF61-48-T4-L	203569	201444	201444	200960		
OF61-49-T4-L	346414	340639	340639	340421		
OF61-5-T0-C	120057	86276	85805	84235		
OF61-50-T4-L	224771	132886	132859	129785		
OF61-6-T1-C	124235	110380	110380	109994		
OF61-7-T1-C	59187	45260	45260	45127		
OF61-8-T1-C	40015	34582	34582	34372		
OF61-9-T1-C	120712	118584	118584	118405		
AP16-100-T0-K	318961	54743	54606	54239		
AP16-101-T1-K	278088	139699	139683	139238		
AP16-102-T1-K	448453	124520	124518	124399		
AP16-103-T1-K	250218	125378	125207	124532		
AP16-104-T1-K	228985	37406	37378	37279		
AP16-105-T1-K	256402	101623	101623	101446		
AP16-106-T2-K	257058	77781	77693	77377		
AP16-107-T2-K	296058	75664	75653	75485		
AP16-108-T2-K	223478	79514	79511	79078		
AP16-109-T2-K	303820	110135	109985	109388		
AP16-110-T2-K	210925	125164	125164	124948		
AP16-111-T3-K	255929	138924	138078	137577		
AP16-112-T3-K	103823	21771	21330	21091		
AP16-113-T3-K	278048	171648	171009	170452		
AP16-114-T3-K	229687	116841	116570	116198		
AP16-115-T3-K	218875	46812	45678	45455		
AP16-116-T4-K	251006	94183	94076	93612		
AP16-117-T4-K	217578	185849	185843	185452		
AP16-118-T4-K	189639	180340	180251	179269		
AP16-119-T4-K	179371	55634	55624	55519		
AP16-120-T4-K	283982	106951	106883	106671		
AP16-71-T0-C	259876	57625	57625	57482		
AP16-72-T0-C	369570	71822	71807	71702		
AP16-73-T0-C	363759	63531	63489	63373		
AP16-74-T0-C	362594	81255	81255	80870		
AP16-75-T0-C	215486	58218	58218	58048		
AP16-76-T1-C	307176	205894	205752	205318		
AP16-77-T1-C	358202	122310	122263	122120		
AP16-78-T1-C	166660	51980	51980	51850		
AP16-79-T1-C	305297	115852	115852	115548		
AP16-80-T1-C	260895	26920	26920	26795		
AP16-81-T2-C	292630	187446	187388	187077		
AP16-82-T2-C	293208	138267	138088	137306		
AP16-83-T2-C	304424	99666	99481	98920		
AP16-84-T2-C	224768	142706	142663	142226		
AP16-85-T2-C	309749	257272	257145	256381		
AP16-86-T3-C	216496	55407	54273	54007		
AP16-87-T3-C	359869	130854	130112	129719		
AP16-88-T3-C	245220	78146	77848	77594		
AP16-89-T3-C	271790	92953	92205	92020		
AP16-90-T3-C	178782	102270	101172	100100		
AP16-91-T4-C	364049	66783	66783	66679		
AP16-92-T4-C	226326	196198	196054	194958		
AP16-93-T4-C	272281	106538	106538	106347		
AP16-94-T4-C	308580	288057	288024	287349		
AP16-95-T4-C	232078	188014	188014	187795		
AP16-96-T0-K	360834	93908	93816	93687		
AP16-97-T0-K	312364	49558	49395	49043		
AP16-98-T0-K	219157	156558	156558	156189		
AP16-99-T0-K	307277	61983	61706	61494		
AP5-100-T0-K	241394	83188	82303	82039		
AP5-101-T1-K	250526	81280	80829	79424		
AP5-102-T1-K	269611	51335	51120	50682		
AP5-103-T1-K	294226	62227	62157	61722		
AP5-104-T1-K	162002	84259	84126	81279		
AP5-105-T1-K	250676	35358	35358	35099		
AP5-106-T2-K	245014	104233	103958	103127		
AP5-107-T2-K	162387	128211	128004	127338		
AP5-108-T2-K	295037	144525	144525	144355		
AP5-109-T2-K	261335	80768	80723	80516		
AP5-110-T2-K	235655	105933	105537	104581		
AP5-111-T3-K	169753	92295	91747	90925		
AP5-112-T3-K	286205	95717	94403	93982		
AP5-113-T3-K	280704	136200	135624	135272		
AP5-114-T3-K	246070	104401	103435	102919		
AP5-115-T3-K	185659	32354	31839	31389		
AP5-116-T4-K	243094	127619	127531	127065		
AP5-117-T4-K	184365	154606	153915	153442		
AP5-118-T4-K	248754	100658	100658	100556		
AP5-119-T4-K	138909	124463	123801	123411		
AP5-120-T4-K	200426	169249	169245	169019		
AP5-71-T0-C	225188	87385	86605	86111		
AP5-72-T0-C	223143	77114	74461	73085		
AP5-73-T0-C	314514	72588	72563	72376		
AP5-74-T0-C	241279	68303	68083	67495		
AP5-75-T0-C	277489	73243	73213	72673		
AP5-76-T1-C	333838	86308	86218	85890		
AP5-77-T1-C	297368	49097	49097	48934		
AP5-78-T1-C	327171	58936	58903	58720		
AP5-79-T1-C	308535	70309	70241	69805		
AP5-80-T1-C	319909	28796	28562	28363		
AP5-81-T2-C	153910	26240	26229	25717		
AP5-82-T2-C	278408	112825	112790	112273		
AP5-83-T2-C	302011	51430	51397	51091		
AP5-84-T2-C	243311	25772	25772	25456		
AP5-85-T2-C	355216	25586	25556	25509		
AP5-86-T3-C	263260	153834	153668	153555		
AP5-87-T3-C	306285	122488	122074	121611		
AP5-88-T3-C	162049	120860	120436	119764		
AP5-89-T3-C	226506	43816	41497	40861		
AP5-90-T3-C	253540	86066	85010	84784		
AP5-91-T4-C	248061	219882	219841	219221		
AP5-92-T4-C	279189	152178	152178	151994		
AP5-93-T4-C	204678	118186	117970	116711		
AP5-94-T4-C	173462	151863	151791	150775		
AP5-95-T4-C	211868	195015	194850	194303		
AP5-96-T0-K	273491	12557	12547	12377		
AP5-97-T0-K	300912	24016	23123	22805		
AP5-98-T0-K	328987	98591	98543	98402		
AP5-99-T0-K	316974	90697	90681	90493		
OF3-100-T0-K	204489	133108	133046	132311		
OF3-101-T1-K	303555	266513	266513	265882		
OF3-102-T1-K	176718	149376	149138	147397		
OF3-103-T1-K	161818	135170	135084	134571		
OF3-104-T1-K	226952	176870	176870	176253		
OF3-105-T1-K	225349	223720	223720	222944		
OF3-106-T2-K	274416	270036	270036	269779		
OF3-107-T2-K	370362	356483	356483	356360		
OF3-108-T2-K	332329	332128	332128	331882		
OF3-109-T2-K	180059	147529	147377	144440		
OF3-110-T2-K	218230	196300	196197	194237		
OF3-111-T3-K	229968	222126	222116	221929		
OF3-112-T3-K	162485	119835	119300	118372		
OF3-113-T3-K	267200	232214	231937	231696		
OF3-114-T3-K	198389	103200	102499	102136		
OF3-115-T3-K	216967	205101	205034	204826		
OF3-116-T4-K	310118	301157	300897	300468		
OF3-117-T4-K	143644	143147	143147	142751		
OF3-118-T4-K	194682	155929	155200	153203		
OF3-119-T4-K	598115	590521	590508	590327		
OF3-120-T4-K	294156	285629	285609	285091		
OF3-71-T0-C	394267	372388	372336	370088		
OF3-72-T0-C	415842	409078	409021	408879		
OF3-73-T0-C	378918	366650	366388	365428		
OF3-74-T0-C	306682	290909	290818	290261		
OF3-75-T0-C	322680	316495	316495	316406		
OF3-76-T1-C	274073	266565	266405	266098		
OF3-77-T1-C	345476	337743	337730	337332		
OF3-78-T1-C	253620	249946	249932	249303		
OF3-79-T1-C	209249	201915	201886	201219		
OF3-80-T1-C	219598	162284	162275	161920		
OF3-81-T2-C	352652	331802	331781	331316		
OF3-82-T2-C	232109	199701	199062	195893		
OF3-83-T2-C	386445	337713	337713	337366		
OF3-84-T2-C	315660	312531	312531	311952		
OF3-85-T2-C	305361	301958	301406	300786		
OF3-86-T3-C	139021	127412	127105	126889		
OF3-87-T3-C	364458	347724	347538	347406		
OF3-88-T3-C	247399	208071	207560	206281		
OF3-89-T3-C	209999	149340	148848	148133		
OF3-90-T3-C	176444	139008	138440	135553		
OF3-91-T4-C	308481	306093	306083	305879		
OF3-92-T4-C	480783	478171	478169	477692		
OF3-93-T4-C	213266	185495	185465	184354		
OF3-94-T4-C	388136	386454	386454	386268		
OF3-95-T4-C	261090	254173	254143	253087		
OF3-96-T0-K	199932	179144	179112	177454		
OF3-97-T0-K	198580	193310	193236	192451		
OF3-98-T0-K	331888	324652	324587	323811		
OF3-99-T0-K	197644	129920	129028	126211		
OF61-100-T0-K	191162	189136	189118	188870		
OF61-101-T1-K	184230	181366	181366	180801		
OF61-102-T1-K	248127	246095	246095	245005		
OF61-103-T1-K	225405	216091	215999	215619		
OF61-104-T1-K	186242	146019	146010	144938		
OF61-105-T1-K	122373	119286	119069	118760		
OF61-106-T2-K	301162	298611	298601	298267		
OF61-107-T2-K	194944	190303	190280	189314		
OF61-108-T2-K	227326	226802	226775	226635		
OF61-109-T2-K	124287	120241	120241	119664		
OF61-110-T2-K	210999	209029	208888	207128		
OF61-111-T3-K	291909	283942	283868	283399		
OF61-112-T3-K	199616	189441	189129	188827		
OF61-113-T3-K	187731	131402	131078	129935		
OF61-114-T3-K	187250	181830	181749	181506		
OF61-115-T3-K	281192	277137	277057	276559		
OF61-116-T4-K	285521	285009	285009	284721		
OF61-117-T4-K	286598	261155	261010	259863		
OF61-118-T4-K	328479	326919	326888	326739		
OF61-119-T4-K	233194	230378	230296	229600		
OF61-120-T4-K	290171	284883	284883	284259		
OF61-71-T0-C	198946	187750	187681	186149		
OF61-72-T0-C	235985	235656	235652	235448		
OF61-73-T0-C	263103	262627	262627	262424		
OF61-74-T0-C	242452	241185	241182	240991		
OF61-75-T0-C	237951	237050	237050	236869		
OF61-76-T1-C	234525	232857	232857	232538		
OF61-77-T1-C	207508	185147	185039	183916		
OF61-78-T1-C	221839	220451	220427	219895		
OF61-79-T1-C	212994	203755	203745	203567		
OF61-80-T1-C	191376	189761	189742	189142		
OF61-81-T2-C	300841	292257	292257	291752		
OF61-82-T2-C	259418	258283	258265	257766		
OF61-83-T2-C	210345	152697	152681	152189		
OF61-84-T2-C	302111	298531	298527	297747		
OF61-85-T2-C	227601	222281	222242	220759		
OF61-86-T3-C	148495	145649	145616	144981		
OF61-87-T3-C	224399	192631	192375	191555		
OF61-88-T3-C	273850	261338	261139	260994		
OF61-89-T3-C	157110	121254	120971	119021		
OF61-90-T3-C	197349	147946	147553	145758		
OF61-91-T4-C	293625	293143	293140	293043		
OF61-92-T4-C	385865	385555	385555	385179		
OF61-93-T4-C	252713	252204	252204	251864		
OF61-94-T4-C	363208	362483	362465	362222		
OF61-95-T4-C	266305	262724	262724	262168		
OF61-96-T0-K	173932	147993	147881	146280		
OF61-97-T0-K	353643	348569	348521	347209		
OF61-98-T0-K	167855	158158	158158	157973		
OF61-99-T0-K	206313	201750	201741	201499		
	213960.9675	126829.1475	126708.5675	126191.595		
	85584387	50731659	50683427	50476638		
			init	chloros_removed	mitos_removed	pruned
			213960.9675	126829.1475	126708.5675	126191.595